1486220719580,0,F4,2,stimulus_freq
1486220721478,0,G5,4,stimulus_infreq
1486220723240,0,F4,2,stimulus_freq
1486220724987,0,F4,2,stimulus_freq
1486220726951,0,F4,2,stimulus_freq
1486220720134,1,0,32,response_freq
1486220720331,1,0,32,response_freq
1486220720638,2,0,64,response_infreq
1486220720827,2,0,64,response_infreq
1486220721409,1,0,32,response_freq
1486220722028,2,0,64,response_infreq
1486220722772,1,0,32,response_freq
1486220723064,2,0,64,response_infreq
1486220724181,2,0,64,response_infreq
1486220725025,1,0,32,response_freq
1486220727561,2,0,64,response_infreq
